Time,Count
08_22,338
