Time,Count
11_39,339
